"","clim_var3_median_19007_20240102","clim_var4_median_19007_20240102","clim_var6_median_19007_20240102","clim_var7_median_19007_20240102","clim_var8_median_19007_20240102","clim_var10_median_19007_20240102","clim_var11_median_19007_20240102","clim_var12_median_19007_20240102","clim_var13_median_19007_20240102","clim_var14_median_19007_20240102","clim_var15_median_19007_20240102","clim_var16_median_19007_20240102","clim_var19_median_19007_20240102","clim_var20_median_19007_20240102","clim_var23_median_19007_20240102","clim_var24_median_19007_20240102","clim_var25_median_19007_20240102","clim_var26_median_19007_20240102","clim_var27_median_19007_20240102","clim_var28_median_19007_20240102","clim_var29_median_19007_20240102","clim_var30_median_19007_20240102","clim_var31_median_19007_20240102","clim_var32_median_19007_20240102","clim_var33_median_19007_20240102","clim_var34_median_19007_20240102","clim_var35_median_19007_20240102","clim_var36_median_19007_20240102","clim_var37_median_19007_20240102","clim_var39_median_19007_20240102","clim_var40_median_19007_20240102","clim_var44_median_19007_20240102","clim_var45_median_19007_20240102","clim_var49_median_19007_20240102","clim_var50_median_19007_20240102","clim_var1_mad_19007_20240102","clim_var2_mad_19007_20240102","clim_var3_mad_19007_20240102","clim_var5_mad_19007_20240102","clim_var6_mad_19007_20240102","clim_var12_mad_19007_20240102","clim_var13_mad_19007_20240102","clim_var14_mad_19007_20240102","clim_var15_mad_19007_20240102","clim_var19_mad_19007_20240102","clim_var20_mad_19007_20240102","clim_var21_mad_19007_20240102","clim_var23_mad_19007_20240102","clim_var24_mad_19007_20240102","clim_var29_mad_19007_20240102","clim_var30_mad_19007_20240102","clim_var32_mad_19007_20240102","clim_var33_mad_19007_20240102","clim_var34_mad_19007_20240102","clim_var35_mad_19007_20240102","clim_var36_mad_19007_20240102","clim_var37_mad_19007_20240102","clim_var38_mad_19007_20240102","clim_var39_mad_19007_20240102","clim_var41_mad_19007_20240102","clim_var42_mad_19007_20240102","clim_var43_mad_19007_20240102","clim_var44_mad_19007_20240102","clim_var45_mad_19007_20240102","clim_var47_mad_19007_20240102","clim_var50_mad_19007_20240102","clim_var1_min_19007_20240102","clim_var2_min_19007_20240102","clim_var4_min_19007_20240102","clim_var8_min_19007_20240102","clim_var9_min_19007_20240102","clim_var10_min_19007_20240102","clim_var11_min_19007_20240102","clim_var13_min_19007_20240102","clim_var16_min_19007_20240102","clim_var17_min_19007_20240102","clim_var18_min_19007_20240102","clim_var20_min_19007_20240102","clim_var21_min_19007_20240102","clim_var22_min_19007_20240102","clim_var23_min_19007_20240102","clim_var24_min_19007_20240102","clim_var25_min_19007_20240102","clim_var26_min_19007_20240102","clim_var27_min_19007_20240102","clim_var28_min_19007_20240102","clim_var29_min_19007_20240102","clim_var30_min_19007_20240102","clim_var31_min_19007_20240102","clim_var32_min_19007_20240102","clim_var35_min_19007_20240102","clim_var37_min_19007_20240102","clim_var38_min_19007_20240102","clim_var40_min_19007_20240102","clim_var41_min_19007_20240102","clim_var42_min_19007_20240102","clim_var43_min_19007_20240102","clim_var44_min_19007_20240102","clim_var46_min_19007_20240102","clim_var47_min_19007_20240102","clim_var48_min_19007_20240102","clim_var1_max_19007_20240102","clim_var2_max_19007_20240102","clim_var5_max_19007_20240102","clim_var7_max_19007_20240102","clim_var9_max_19007_20240102","clim_var11_max_19007_20240102","clim_var12_max_19007_20240102","clim_var14_max_19007_20240102","clim_var16_max_19007_20240102","clim_var17_max_19007_20240102","clim_var18_max_19007_20240102","clim_var19_max_19007_20240102","clim_var20_max_19007_20240102","clim_var21_max_19007_20240102","clim_var22_max_19007_20240102","clim_var23_max_19007_20240102","clim_var24_max_19007_20240102","clim_var26_max_19007_20240102","clim_var27_max_19007_20240102","clim_var28_max_19007_20240102","clim_var30_max_19007_20240102","clim_var31_max_19007_20240102","clim_var34_max_19007_20240102","clim_var38_max_19007_20240102","clim_var39_max_19007_20240102","clim_var41_max_19007_20240102","clim_var42_max_19007_20240102","clim_var43_max_19007_20240102","clim_var44_max_19007_20240102","clim_var46_max_19007_20240102","clim_var47_max_19007_20240102","clim_var48_max_19007_20240102","clim_var49_max_19007_20240102","Shannon_25067_2"
"clim_var3_median_19007_20240102",1,-0.0525723990799223,0.0962108878528066,0.00328305934801465,-0.024580628928118,-0.0849184521817934,-0.0708103089270673,-0.0209792168081289,0.0133691488961935,-0.146527939747556,0.0058075258661077,0.069450340877422,-0.0337847706529692,0.0754452472432771,0.0701503087098887,-0.00371818082875148,-0.00575107918538481,-0.0722423705318371,-0.0394599035017196,-0.0764175555586429,0.0236511617373569,0.0445078950580761,0.0823094458864143,0.0257377719933501,0.00664408509324787,-0.000348759115269905,-0.0102006341764501,-0.0553217852202302,-0.00504457673395222,-0.0661487468710262,0.0924515511658189,0.0837981674299711,0.0573134503797649,0.0363354908615083,-0.0715227361483068,0.0255129785809899,-0.0430365495370741,0.0720443852829178,-0.0125757257327789,-0.00107784553728535,0.0189229833936611,0.0271766065078181,-0.0222549515494133,0.000963412581666663,-0.106790544828321,0.00851935736601953,-0.121238274591087,0.0662091258201354,-0.067771974131924,-0.0615739656085161,0.0390785311084517,-0.010820185708994,-0.00983579869649789,0.0473158334463143,0.141785744899801,0.0744454642041373,-0.00297608355440519,-0.0311253313050417,-0.0679297508013445,0.107505665881659,0.00436433809124129,0.0370014545516971,-0.0982501330822989,0.0839867219954376,0.0431064779305583,-0.0781143921097029,0.0718484636464934,0.136012122232995,-0.0688286150796121,0.0221983645734483,-0.01235663354958,-0.0483358165372902,-0.0140612862136854,-0.0249096009770166,-0.0299293540904666,0.0527691024969883,-0.000199176541133938,0.0551550817647682,-0.0477597948753765,0.00127165897396869,0.0102303597692586,0.0136196572036318,0.0814859052298151,0.0257465001359259,-0.0828936519444435,0.040703955448041,0.0899326522538709,-0.0397825034583912,0.0403960454921775,0.0183120442206249,-0.0104992173971101,-0.044977411967523,-0.00884528214791621,-0.0106196278368103,-0.0251588476068241,-0.02135211948598,0.00988628089530463,-0.0234684685757483,0.044401946910047,0.0703595234662011,-0.0239988342996959,0.0219517305631582,0.0106752667804548,-0.0332634411966893,-0.0854620615997161,0.041329755274219,0.0381808707934023,-0.0203599782106113,0.057773231829995,-0.0379486315861164,0.0752643677457745,-0.00475047642073236,0.0403836508411669,0.00333128028480028,-0.0153782945397947,0.0322072611172586,0.0161382889465188,-0.0770907565708567,0.0368414351043437,-0.0414412843968031,-0.0199810572170654,0.0287606236942992,0.00171025406793814,-0.152635071571827,0.0107941802615841,0.0134644686605169,0.0897149633674672,-0.060304419838087,0.0136314017273994,-0.0362481635699294,0.0467708219710348,0.00953619256936643,0.0888693037838126,-0.0837546872219037,0.107211302168573
"clim_var4_median_19007_20240102",-0.0525723990799223,1,0.0817869511421071,0.0411303438755123,-0.133175083383834,0.0694783873985348,0.0850347926235041,-0.074475243551234,-0.0151414581301383,0.011997943724997,0.0639040517142982,0.0135043704387008,0.014877262047099,-0.047418371523349,-0.0136829338963298,0.0752142232316902,-0.0852478193633948,-0.0260551841771339,0.0727138065606175,-0.0148110494995196,0.0774003980999982,-0.0368998003295447,-0.0579877228838785,0.0452464826410843,-0.0350695968171507,0.0635053156790987,-0.0262199426468483,0.0367476024440561,-0.0224106254404082,0.0109788561459343,0.0466068219249767,-0.0572761309635397,0.0618038907194888,0.0298733146537968,-0.0152918604764573,0.0665528375762169,-0.0749513423851461,-0.0972431598373022,-0.0729576819215211,-0.040575114936592,-0.0459382099969553,-0.00825678759828103,-0.0175162964281785,0.0303889868897579,-0.0154750895057725,0.0194258376242262,-0.00297442188657194,-0.0207973826425502,-0.00539728614399618,0.0212129626968036,0.0117577322898214,0.120328266248622,0.183534838805955,0.0968352749728834,0.0714558194508634,0.00430969904720406,-0.0172866515377827,-0.0880696939881403,-0.0122153389740684,-0.0454709634246023,-0.0264915010934381,-0.0409419987491374,-0.00487036885120527,-0.0553534085036445,0.042929760615623,0.0342062450097749,0.00704630899112629,0.0175989401127382,0.25299469810711,0.0225493756944377,0.0589301682773058,-0.00739782437010836,0.0673502096589246,0.0186453213809611,-0.040398425300702,0.0949564573419014,0.0034281961017108,-0.137848265383358,-0.05728613672277,-0.0220755977021915,-0.016465579990142,-0.045754450528518,-0.0645281082227919,0.00188690980090289,0.0949489870892792,-0.0517268451080095,-0.00560718035979758,0.0643486994351991,0.0496558145119526,-0.0739275578072775,-0.044414007126834,0.0403174973184425,0.0402554749899668,0.0155140799324099,0.00734350521862216,0.00012394808349867,0.0870956415699639,-0.038752463325168,-0.119326919079759,0.0566082243764321,0.107811566969452,0.0861209053012062,-0.0504947688508678,-0.0757749478584349,-0.0211183185501693,0.11780682717466,0.109984357954622,-0.0399254248885454,0.08362711609827,0.00986855457061689,0.0230666432124676,-0.0393424270954434,-0.0845357151464856,5.45136486465052e-05,0.0137575894907883,-0.0815858786465033,0.0163334576586252,-0.00439782557962647,0.0778124147953907,-0.0192575282793948,0.0604931372726738,0.052073712102663,-0.0161717042484608,-0.0294681129103718,-0.0160651781573691,0.046311979171675,-0.0921070044935402,0.0741301035122343,-0.0115692785751015,-0.0402707128889232,0.0027869748319462,-0.0865935510714773,-0.0509948142477648,-0.0186169294561576,0.0295883430974678
"clim_var6_median_19007_20240102",0.0962108878528066,0.0817869511421071,1,0.0556152605080725,0.0867134396698692,-0.00703273633364484,0.0809844180145468,-0.0165383507911505,-0.0544110270946041,0.0357048448133379,-0.0202131080919335,-0.102895661973012,0.00430786314613969,-0.0366762416366878,-0.0213708903069918,-0.00303639174715314,-0.0430364963888904,0.0329183868904094,0.100953439706343,-0.119139643918367,0.0221077203684103,-0.0264674732600884,-0.0735934181349524,-0.0942194880862853,-0.054434372529075,-0.140503966784095,0.090636905117772,-0.0252765032802419,-0.084063490860123,0.0383739520845288,-0.0469474874788448,0.0220477266214654,-0.0817415064189708,0.0129864223289515,0.0378277648339728,-0.0547200899558372,0.00140831075051269,0.00112617068259873,-0.0869313750097223,-0.0880357672961731,0.0224471279345809,0.0161584024711817,0.022037081981032,-0.0707309474380951,0.0805860039289687,-0.0385749731445856,0.0481558362906064,-0.0367730645053253,0.0121672413960346,-0.0205749280234804,-0.0318576974405669,-0.0353199504089772,0.0626625899463875,0.15215369957874,0.05887480721788,0.0343644597868165,-0.0897767881347222,0.0382979842382219,-0.0557766068259131,-0.0718935014483351,0.00786185847546876,0.0882488840832712,-0.011693509122431,0.0922110340945054,-0.0158928335889639,0.0111923805755286,0.156725535965415,-0.0340360853099044,-0.0224633706369672,-0.0273358775854712,0.0469171397212297,-0.000522531092923129,0.0423847919539543,0.0107999350923028,-0.130239265683919,0.0653260437032369,0.00578848681351063,-0.00269352433720951,-0.0719488199629976,-0.0272428411149454,-0.0456001935662344,-0.0175319034200295,-0.0637254257163817,-0.0609055891836266,-0.0719490854297648,-0.00252466020421136,0.0195711643224016,0.0766934681404359,-0.0554609836183932,-0.111050657266799,-0.0149277008849355,-0.00124784074230226,0.0482520095043351,-0.0295151182043404,0.0638945410453042,0.0549517717357256,0.0590344463255075,0.00153358883565045,-0.01659251293331,-0.0340413996302323,0.048651329904891,0.0197378925011423,0.0352647791232272,0.0263207860568968,0.0203028711688514,0.00646690375847915,0.0750235564201876,0.0447518961542879,0.0803741057617496,-0.0205093138378568,0.0399081062618699,0.0974473782740476,-0.0179398167618026,-0.0580871391299537,0.0683629060274013,0.00646826631548128,0.016632903703064,-0.0661102423276699,-0.0700000778502088,0.0893913595423192,0.0456869790707689,0.0246452208273685,-0.0348821197525125,-0.0396148884747977,0.121925117844469,0.0536946485419921,0.00116706585234066,-0.0386771349057701,0.0342011159447114,0.0539489709728503,0.010660484944558,0.0161976376899476,-0.0628247132457913,0.088944256400791,0.0113552027192578
"clim_var7_median_19007_20240102",0.00328305934801465,0.0411303438755123,0.0556152605080725,1,-0.0407572914478652,-0.0272741080851794,0.0242284973101359,0.020493411248253,0.00560566801078153,0.0286937369298964,0.0542731845760113,-0.0428920196037477,-0.0375515352027557,0.026141095127969,0.0801639106059544,0.00918381507436595,0.101753384393657,-0.0613514574251315,0.125030204874714,0.0392407993505214,-0.00450356741040754,-0.0589688801905334,-0.08225540018708,-0.0568992465807977,0.0750816630992926,0.0783918148248136,-0.0771824018017116,0.00448397947129916,0.0416853698147078,0.00655648130597873,0.0134733307513529,-0.00880755210281331,-0.0449131703427044,-0.00282102916657169,-0.102358193431161,0.0194414065185162,-0.0866445609939402,0.0245687117800928,0.0955068797744662,-0.0418922825252521,-0.0477205075339725,0.0270965088272337,0.0795093658931133,0.0003963044104042,0.0436079386115305,0.0254522589833899,0.00964629775511128,-0.08188767802982,-0.0491805195513579,-0.0111852913053429,-0.0774114196895282,-0.0158669243671915,0.143466480657882,0.0154301274546684,0.0742534982670669,0.106566413854234,-0.0748472880345883,-0.0374192428946109,-0.0524913667523185,0.00533374181052064,-0.129124662235987,0.0614129379744562,-0.0373179429803056,0.0575927222586429,0.00176322747766406,0.0394262884114232,-0.0417136972034978,0.0772257022460654,-0.0588868644551558,-0.0722729389467206,0.0515759677285792,0.0323407540857639,-0.0522419032604529,0.00328391758004397,-0.0551824564077803,0.0470970901686558,0.0447288330486064,-0.0061956890175983,-0.031715026951154,0.0326754414077353,0.0401024527499615,-0.0068363492111403,-0.000484655322455211,-0.0787021819823226,0.0683224856268183,0.0153495844492267,-0.0539712658696217,0.0267704332105228,0.0157151450436487,0.00512063489934436,-0.0477480307291911,0.0717412691370667,-0.0542831848994205,-0.0808000713152582,-0.000333199937580197,0.0829460355046352,0.0959681741151913,0.0353105421903034,-0.0696763258626161,-0.0730650959410674,0.0394779560380933,0.00906564441706797,0.0182542220378519,0.0830524115057271,0.255946617546752,-0.0652978146248966,0.0466756806943232,0.0557018862752658,0.0340304128238465,-0.0697729144541725,0.015384809903832,-0.0468114936894589,-0.0515650679018571,0.0353792322161833,0.0843207205995752,0.0596319606330726,-0.0152109916816154,0.00238242609421635,0.0612237111397271,-0.0779800299353812,-0.0379685348070986,-0.0485499789099209,0.0249821814338495,-0.0524098111479049,-0.0522988412526438,0.0545419048185022,0.0208316110942835,-0.0975370677089776,-0.00661309422548572,0.0460944084429245,0.0458729737768014,0.0363896876281139,0.0271118565824699,0.0682337899579025,0.0404890509531966
"clim_var8_median_19007_20240102",-0.024580628928118,-0.133175083383834,0.0867134396698692,-0.0407572914478652,1,-0.00368011688560406,-0.0431724559576838,0.0605650678601399,-0.0129809084959366,-0.00588050481950903,-0.0665632276454839,0.0684187365565224,0.0368535009277213,-0.00215848427921423,0.0130700571543184,0.0620679419705501,-0.0550247109339843,0.0658741403571976,0.051113007541048,-0.107965282924064,0.0634380548599948,-0.0665660257051301,0.0469394133661726,-0.114829318045216,-0.0447451861195792,0.0233563462890308,0.0731443528089615,-0.00960841313323343,0.0376527754216012,-0.00980725390666923,0.0346987355465304,0.13573364169935,-0.0719325904922104,-0.00874630543130017,0.0439745750953044,-0.0712806563608956,0.0189447761640105,-0.0148492439430386,-0.00767606389693823,0.00439417179755421,-0.0243822328876942,0.0259405694143224,0.0299085155146301,-0.0262726692451127,-0.0193855704916815,0.0173309742086971,0.0325957932626787,-0.00033503153831763,0.00594639384339124,0.0405782404604735,0.0710220877069247,-0.0356860667397603,-0.0157632746328447,-0.0679024743819731,-0.0381833402265753,0.00190581572224705,-0.0751256495035023,-0.00212417648124153,-0.0337377916248871,-0.050700546668499,-0.0716077196409993,-0.0171513943079593,0.0115898697887642,0.0190765645772778,0.0305438148639938,0.0160331466919942,0.0368894765613593,-0.0635080250232154,-0.0509461094148596,0.150597630414594,0.00641617462830523,0.0160425518728591,0.011881715394241,-0.0733202947399407,0.000758015296576016,-0.0362637938544398,0.00109552883970187,-0.0378091303382079,-0.00180691018578352,0.0833467107226501,-0.0454783454626431,0.0138484546718689,0.0176539652252794,-0.0492066999266314,0.0156627202382572,0.0178473024297307,0.0527593207792592,-0.0417559665380057,-0.0125292479375086,-0.050007803509492,-0.0370002125164168,0.0405057443312751,-0.00427017910492611,0.151507016362805,0.0332181794810702,-0.0686154051112571,0.00835438389554786,-0.0442162111875836,-0.0564068747382963,-0.046340259530111,-0.0455355851247126,-0.126909094777294,0.0300485701512077,0.0260949475802419,0.0144527008237301,-0.00631209949647064,-0.0649738816972517,-0.0103298446745264,-0.0171074281206119,0.149633861618593,-0.0250542666028161,0.0878921942564209,0.0229807805251155,0.000209691441425399,-0.0401254481348719,0.0200096367566971,0.0449426783989973,-0.00315904474916277,-0.0753238934545665,0.0696686311715608,-0.049862813949641,-0.000422033394946008,-0.0150733116988376,0.0914618377907704,0.0294707814459256,0.0233359793048142,-0.00226745023118731,-0.0163057098062938,0.0337596857029251,0.0299297472533108,0.0142437639098723,0.0466460771608844,-0.101967408764265,-0.117227730060622,-0.0379700488577227
"clim_var10_median_19007_20240102",-0.0849184521817934,0.0694783873985348,-0.00703273633364484,-0.0272741080851794,-0.00368011688560406,1,0.0763416882173064,-0.101001156629346,-0.0527057977994863,-0.0221249166770249,0.032736553699039,0.034637477912386,0.00232056015351985,-0.0753590619255232,-0.0116757465549852,-0.0415798524543271,0.00787451301213517,0.0253980289645631,0.0443137606404678,-0.00902853365015252,-0.0602910132318203,-0.0757181177856166,-0.000839408878916714,-0.0274173934764345,0.00965903707810204,-0.0821343263665106,-0.0565664468415372,0.121837107025055,-0.0448439825051227,0.0302135029228115,0.0864841147043458,-0.0264429250584116,-0.0782136784498065,-0.0547390508013473,0.0179486056889639,-0.00493762628979717,-0.00384063076433165,-0.0741599055228926,-0.00859249753171094,0.0174521984871522,0.0456312379539655,-0.0869010768074142,-0.0599193865769582,0.0218453712061264,0.110200243857969,-0.0492785954997789,-0.0522728923213668,0.0679763273789408,0.0582640188388012,0.117372541515061,-0.0113189068347622,0.154498314649564,-0.0487178896339666,-0.0895223832999052,0.0311470258409759,0.00708630003917132,0.0391653542315525,0.0437799154715847,-0.106137024757807,-0.0590417319053748,-0.00317446573013221,-0.00499514264800101,0.0537911212499179,0.0130518896289391,-0.0728638463652699,0.00691260720980741,0.0368447772159094,-0.00113366463265226,0.0774917444190734,0.0244832299868471,-0.0190016392871443,0.224403350285434,-0.0517874587145352,0.0787042350327229,-0.0145045061740903,-0.0953272040648778,0.0104097992985953,0.0618889156940603,0.00402999516746076,-0.0201661208932914,0.087464267847712,0.00306916834145389,0.0190473053919847,0.0453908657964441,0.141883649791055,0.0532585768919211,-0.194395405377591,-0.0464454260038513,-0.0619593972709095,-0.00928476943092934,-0.0639447672382917,-0.0302137008512736,-0.0649694227939971,0.0354712840952702,0.0819357194473176,0.00395452233838012,-0.0358136269027692,0.0197627010639873,-0.0725523917233875,-0.006350546578118,0.0169062077730891,-0.0515709221242176,0.0647163989024386,0.124302593737657,-0.0155875985518832,0.0420965841059887,0.0174344010832276,0.0323052580315464,-0.0629747280215798,0.0143277033647234,-0.0329499532927852,-0.0218905793654303,-0.0361583553630541,-0.0708538248792051,-0.067001038042582,-0.0964173558608148,0.0306146334427011,0.046186779560462,0.0833142744087644,-0.00780345923793755,-0.0374802527849227,0.00665280498683239,-0.120638113971715,-0.0263822910157899,0.0105583544111796,-0.115107897822046,-0.0663509457360786,-0.0734538828737174,-0.0527464661870829,0.0327752747945456,-0.016287119189133,-0.0369608068839546,-0.0400979828430901,-0.0117736122099483,0.0605009899529557
"clim_var11_median_19007_20240102",-0.0708103089270673,0.0850347926235041,0.0809844180145468,0.0242284973101359,-0.0431724559576838,0.0763416882173064,1,-0.0346076696618275,-0.0334939278916862,-0.0774193792250542,0.0246769469587423,-0.0237204626133607,-0.0840913830326636,-0.0323489210936174,0.0387001386847731,-0.0500681725753592,-0.019900761539508,0.0446578981972905,0.0800755894100184,0.0114243994134356,-0.053152222040666,0.0206321894141892,-0.100845573874594,-0.0646467291010241,-0.0387871025499111,0.0195941837384905,0.0818615561715071,0.0686554513303211,0.00455656562419074,0.13374252398865,0.0314416024001,0.108700230993847,0.00838596523038501,-0.014030874989946,0.0585882847723504,0.0375825047947841,-0.133342347062737,-0.0254342280384511,-0.0619584954872567,0.00594304313165403,0.0606729430837733,-0.0470374062000942,0.00909983750782988,0.011420643303215,0.0655702672224763,-0.0374910259859224,0.0392737078009513,-0.0636784949186611,-0.00709476812409029,0.0989028228493057,-0.0392268076939456,0.0581941990417759,-0.0210750263349452,-0.0631304559355411,-0.0347642977043088,-0.0921020437330841,-0.0646847540300299,0.0368447630525181,-0.00235880916256142,0.0389839396521681,0.0230383373071237,-0.037469071095676,-0.0663568033375084,0.0433472273164726,-0.0262183091010488,0.0253270598512323,0.101128894850844,0.0497221647969336,0.0625762866701911,-0.0329626912469853,-0.0135242376799497,0.126549109225708,0.299726326519654,0.0459402749076153,-0.0476154327567843,0.00555040875860381,-0.107762900846252,0.0336486441567779,0.0339529033042194,0.00903106777517322,-0.0226434622705495,-0.0891421536738393,0.0434240888836816,0.119395092784447,0.00728544458467219,-0.0744220875301932,-0.0816006147961459,-0.0667438089421379,-0.0319976078906533,-0.0739250430422681,0.105146461934185,-0.0407072035053776,0.0516623909829652,0.0511692833218723,0.0164856855121286,-0.0391722124174314,0.0696560371034174,0.091757327667788,-0.0923812772996531,0.0350097431087437,0.0533960549205584,-0.0280830638123996,0.00289531569807291,0.125281985767433,-0.00704157920049574,0.0822331209359798,0.255946898620382,-0.0325725433497501,-0.00312440801344407,-0.0173290958065702,-0.0184624939682141,-0.0676570025395885,-0.047286603258339,-0.0797810606910216,0.084378748593557,0.0470182915644593,0.00405512259147314,0.027579873063816,0.093342959401298,0.0109890560603452,0.0338940287041574,-0.0199269198992548,-0.0222470429820266,0.0609844742508882,-0.0410900199188497,0.0491905093236911,0.0833068011295922,0.0227693110891268,0.0391358102958536,0.0518376837037037,0.0486633242677558,0.0145735312089369,0.0479413540138229,-0.00645431648279673,-0.13018639785137
"clim_var12_median_19007_20240102",-0.0209792168081289,-0.074475243551234,-0.0165383507911505,0.020493411248253,0.0605650678601399,-0.101001156629346,-0.0346076696618275,1,0.0107302360060736,-0.0111858582176989,0.0144267204629635,-0.0731048386694199,0.047536364002088,0.0842520326950764,-0.097778847449011,0.0325931785503258,-0.11904484556945,-0.0231987637800613,0.0712704921083353,0.0169711203850918,0.00991118200463196,0.0343808311026826,0.0684800628697054,-0.0606040643623488,-0.00239740875580431,0.0127644437623668,0.0421977896931034,-0.0278582878506701,-0.00360748308835438,-0.0471890985805464,-0.0290599755399514,0.0961350895514227,0.0171573878686772,0.0399310900911442,-0.0447197595898892,-0.12659739923804,-0.0867668816592921,0.0571825658659787,-0.0389808564481383,-0.0459911603159237,-0.00968350871385104,0.00697129671651162,0.0565805450343143,0.109525611394277,-0.0618470994086703,0.0057200116232899,0.0178440908266291,-0.0373533177596432,0.0626018327767952,-0.139586643990924,0.0393009044049518,-0.0106035951808249,0.0164103272851178,0.0413866192565224,0.0831142798278,-0.116882305646946,0.0311126157014279,-0.111077780688259,0.0373975698134245,0.00382141117854532,-0.0738693376275196,-0.0167909472401382,0.0691919470414006,-0.0508382112901102,-0.0195800971498585,-0.0357180019625441,-0.00225964340666775,-0.0811406786417814,0.0444933945375998,0.0389016631089515,0.0515813961543782,-0.0822639684833667,-0.0694600562427693,-0.0509437837264835,-0.0649952672203027,0.0813793212136732,-0.0299154923648552,-0.0178075930345598,0.000227269981356754,-0.0483447374491327,-0.0694056843656497,0.0165027527609457,-0.0390578892702318,-0.102280445959565,-0.0268083013551596,-0.0290864494348641,0.117999532849924,0.0938275599451836,0.00751576915073891,-0.0197288287599197,0.0241591213024556,-0.0537807374666142,0.0650651362224919,0.0625147845381005,-0.0358252203755615,0.0420045753196638,0.000363435044673437,0.0519765806059772,0.0616606929314064,0.0422248899187583,0.0199488857161809,-0.0560687476375641,-0.073018205619803,-0.0194129840440398,-0.0103815860580743,0.0374738205460768,-0.00934251743630203,0.208658257237056,0.0459018125309164,-0.0874687342012235,0.0436875896267684,0.0203341861770769,0.00537577068634215,0.0227503595617231,-0.0246767815198468,0.0889048932546697,-0.0719166354793247,-0.0198481445539423,-0.0180087239674757,0.0417457163966657,-0.0561941082588277,-0.068763866127936,0.0482031434828606,0.035545777825684,-0.0535075656706383,-0.0192348055502043,0.0368147565943944,-0.0381104266505642,0.0101127693791829,0.0397820372387455,0.00536823101286095,0.0308578364021706,-0.0808151975795739,0.0169827929848812,-0.00966145266024221
"clim_var13_median_19007_20240102",0.0133691488961935,-0.0151414581301383,-0.0544110270946041,0.00560566801078153,-0.0129809084959366,-0.0527057977994863,-0.0334939278916862,0.0107302360060736,1,-0.0500147796488674,-0.0381695027906447,0.0508382383821866,-0.0329825065674364,0.0219022940724312,0.0501902399300286,-0.00830846357662491,-0.0614269138498069,-0.0262468891884983,0.0206643005866664,-0.0503576335632485,-0.0831707590001722,-0.0238422436795074,0.0453747614875676,0.0430370499901981,-0.0126810030846541,-0.0391323490257086,-0.0151695658968451,0.0145923139232424,0.000922814942551325,0.017250812344223,0.00726740442351471,0.0300629535703778,0.0797744830207369,-0.0213834288767729,0.0118856648474496,0.00779595020493344,-0.0384604723250483,0.130943298909077,-0.0508889131436747,0.029652449865166,0.00833070020374974,0.0318711302252885,0.0946628710854687,-0.102957359657616,-0.021807030207325,0.0578477097846869,-0.10269463800383,0.0303887984999013,-0.0606407613216567,0.0218720166362081,-0.105905364675727,0.0768764201172765,-0.00295419631404065,0.050276075949377,-0.0595870476999747,0.0970823631344928,-0.0269811154028736,0.079429025985602,-0.0515853559626455,0.00987624283828556,0.0256762664669785,0.02573481229768,-0.0460673431210994,0.102367524404338,0.00813089508047628,0.00953153876292378,0.0438528664043404,0.0540097942820858,-0.0254205547726746,0.0720098495093845,-0.0921834048096146,0.0247593209189854,-0.0634894795978041,0.235619691294598,0.067054386671234,-0.0328382994438059,-0.0648306806510166,-0.079962240321723,-0.0549550061599178,0.0343833949326074,0.0368559658268176,0.0451000964583286,-0.127783319314228,-0.0195882209707103,-0.0565023694019984,-0.0724447896688175,-0.0231710446135458,0.163324239279681,0.0450887728178599,0.0084670046765663,-0.0403706079000518,-0.110751683802118,0.033492889004545,0.0366877082559773,-0.00275172708683498,0.0795463760683644,0.0165063976508331,0.00587561376968214,0.0654264389817966,0.0527247495394199,0.0205957898382229,0.0443425645281643,-0.0105098747976485,-0.0670329076327003,-0.00666478405868061,0.0564882976075342,0.00882618655109634,-0.0371314899979197,0.0622365008934343,0.0178272020199905,0.0437785450279804,-0.117527927763225,-0.0890237947630398,-0.00860200417251664,-0.115877977031967,-0.00463353158624787,0.0547502774813847,0.127629333866761,0.0141618501948531,-0.0433977326589683,-0.0652700506121027,-0.0398266946676006,-0.0953703645956177,0.0624667336093833,-0.0480103883265917,-0.0545259507021912,-0.0575547467780534,0.0201407401450046,-0.0214170942545138,0.00794598410538864,-0.0691591451679306,-0.0912075289213914,0.078086173673048,-0.0139039643007767,-0.00193991278389552
"clim_var14_median_19007_20240102",-0.146527939747556,0.011997943724997,0.0357048448133379,0.0286937369298964,-0.00588050481950903,-0.0221249166770249,-0.0774193792250542,-0.0111858582176989,-0.0500147796488674,1,0.00220237567342693,-0.0548136534254032,0.0492442720044627,-0.124330628975154,-0.0140655991638449,-0.0755356531337552,0.0214481353747564,-0.013394282060727,0.023510706224264,0.120229682592492,-0.00304826787414853,-0.0213763813368965,-0.0271530748060933,0.0784360758055435,0.0276170267930494,-0.0174217793332565,-0.00629336807667736,-0.039985411781641,0.0647365485418696,0.0447501019566921,0.00324849133062292,0.00174007325034922,0.0720218553221626,0.0996833310575481,-0.022807111192059,-0.0975969048538133,-0.0211478084146849,-0.02683972581523,-0.02763859100617,0.0145680423167292,-0.0363291568615121,0.0140220394781017,0.117024188766707,-0.0655706906065543,-0.0326817717808086,0.0692651622340283,-0.0110287924237701,0.0185813168557474,-0.0652675891348014,0.0516355973577234,-0.0424245002561818,-0.0412112835806181,-0.0544130280220997,0.0130831547896808,-0.0727783236894681,-0.0142732274117988,0.0114175440594442,0.00120196863903116,0.0866870318549508,-0.0276174710817912,-0.00504387778956294,-0.0309197363260103,0.0295806165453038,0.0582549966161005,0.013469326653808,0.0131694097142351,-0.0672926917847159,-0.145187413219524,-0.0129599984544629,0.0104791317324712,-0.040636132645538,-0.00730705838932147,0.0547418088929269,0.0889507485010909,-0.0700474781479678,-0.0518915587574724,-0.0151279868653013,-0.127833303906441,-0.0486252604502493,-0.0497719314172079,0.00274860552058929,-0.0514411368579016,0.0324061862911686,0.0235593908867868,0.0406015803060839,0.0889619949191305,-0.00792679151102646,-0.0268113085795461,-0.0131159598006567,-0.00860000465195896,0.0122077433909548,-0.0372767385019777,0.0615993611217367,0.0394368362371156,-0.0595399445486903,0.0294193720581817,0.0144170998047589,-0.00861674698207942,0.107939952787878,-0.0115788442466584,-0.0758049261528982,-0.10010331927928,0.00366515360928552,-0.027164259236257,-0.0496886882816609,-0.0250872888738156,0.0171325117034296,0.0325536577610384,0.268641143996434,-0.056223842169224,-0.0925512712061668,0.0323975690671015,0.0213147881059407,0.0326626703484977,-0.0577848104711807,-0.0116305337465882,0.00910545155448661,-0.0299661377738765,0.0336519498376326,0.0440489174391318,0.0202099014563905,-0.0286135979800927,0.0117970476357928,-0.0696509312220712,-0.0205687342414637,-0.0178776585918806,0.130484165849477,0.0172799663638831,0.0072087434834836,0.0802798171233104,-0.0206811175164442,0.0627544798742253,-0.0314749164337161,0.00847410576447248,0.0623165740607278
"clim_var15_median_19007_20240102",0.0058075258661077,0.0639040517142982,-0.0202131080919335,0.0542731845760113,-0.0665632276454839,0.032736553699039,0.0246769469587423,0.0144267204629635,-0.0381695027906447,0.00220237567342693,1,0.0142826080423343,0.0329895409671607,-0.0572009295742554,-0.0931708647272698,-0.0386845949346596,-0.0532285405152704,-0.140629741762344,-0.0340022872269353,-0.0223685952708198,-0.00682494724600786,0.0301107342732053,-0.0586330829206786,-0.0143809890168135,0.050843106026275,-0.0712624943713803,-0.152965684788898,0.0144447526046148,-0.0306278594252869,0.00637745765100819,0.089730109275835,-0.0124735454657608,-0.0626866969265835,-0.0679378946977472,0.0573398443373756,0.0383319609744513,-0.0297783349341575,-0.073722417818481,-0.063115392217726,0.00454744899670755,0.0518308153543685,-0.0104851130784031,0.0279268983406056,0.0064217587029778,0.0174788218683413,-0.120816975447227,-0.00447952459074186,-0.00620833771076331,0.0478954153698504,0.00332625540444792,-0.0182481282315404,0.0420838536070292,0.0297671473291626,-0.0507042871570777,-0.0179530029083528,-0.0138628669366904,0.0417322485520096,0.119539920128729,0.113142515611578,0.0540438101506555,0.115210723784398,-0.0564177320002281,-0.036350962975354,0.0057898218293027,-0.00543663631068772,-0.0362376868802719,-0.0710050595265115,-0.0318401639310765,0.0768461806822925,0.0739076296903111,0.0745286699558898,0.0374027698125354,0.0624733102465775,0.0170341612213308,-0.137030356754168,-0.0115846100932144,0.084256403828304,-0.0316173449718881,-0.00310198459623488,-0.0494423042644211,-0.111479899338566,0.0403005269428963,0.00188896350152726,-0.0108282257660327,0.00136346846454844,-0.0639784272506074,-0.0019381347968979,0.059665266148007,-0.00973187668842913,0.045027978952624,-0.00833269477808331,-0.0735989238501573,0.0205077377892225,0.0953067594571664,-0.00133743717698462,0.00231115837029934,0.0310359086842349,-0.0416750955744477,0.0319258078110301,0.0192484852147721,-0.00927434986515356,-0.0231951897607586,-0.0448317777794909,-0.0428697118913698,0.074418381339013,0.00439548662534874,-0.0272573124737231,0.114241144955569,0.00989177749890581,-0.0012759555232674,0.0544810165423981,0.0809566779923774,-0.0448268747706307,-0.0491706636357429,0.00159952773075834,0.0492038282240662,-0.104297731105634,-0.0997998125631239,-0.000549842587304095,-0.0590309510079941,-0.0215758217379314,0.031378586774634,-0.0988604307473341,-0.0664672931114014,-0.0227190087471333,0.0525418202537214,-0.0830589493386084,0.0894013026764792,-0.0461876610000756,0.012007068144449,0.0585025783666388,-0.0984826924246871,0.00516532717067671,-0.0219666134614648,0.0260667731368876
"clim_var16_median_19007_20240102",0.069450340877422,0.0135043704387008,-0.102895661973012,-0.0428920196037477,0.0684187365565224,0.034637477912386,-0.0237204626133607,-0.0731048386694199,0.0508382383821866,-0.0548136534254032,0.0142826080423343,1,-0.104583244014521,-0.0222842415227619,0.0543528551772395,0.0243878001392953,0.0144253656768093,-0.0650865119299842,-0.0675447834973785,0.022457013535919,0.00466667240216779,0.0450044945731761,0.0336011837162976,-0.0408191057005944,0.00104573079615631,0.0340838774552071,-0.0189454672702674,-0.0687414209337145,0.0466698386821528,0.0406115374051141,0.114825457681792,0.024512567001983,0.0711474449122905,-0.010508170914187,-0.0996298098029286,0.0669611271263558,-0.0585414999249281,-0.0939569209175744,0.0530458626137915,0.0732746348028508,0.0946918967143675,-0.0138205456724524,0.00137038924166262,0.0774641631252035,-0.0409682804263325,0.0434773254334734,-0.0112630977399697,0.0294180403400379,-0.0223921723621135,-0.0177394649507788,-0.0540656170869225,-0.0493498148234208,-0.10798107379768,-0.0371837791451486,0.0721635306473106,-0.0608431580159156,0.104160770857955,-0.0604684754674433,0.0243245990050444,0.0163185056292614,0.100973875068967,-0.0291225702982549,0.0679059082958264,-0.0105511872635199,-0.0267279244015345,-0.0585247391166225,0.0443664281729485,0.0159782689042127,-0.0382292412154356,0.0648421889555323,-0.0368840738883503,-0.133203856274806,-0.0351034200677644,0.0185337545964773,0.232844511725574,-0.0547512259716168,0.116026687941646,0.0270971381714358,0.0572237696779548,-0.0522689583734415,0.0371881942642548,-0.00983920739996988,-0.0968817726492855,0.0423721700028292,0.0156489178152893,0.0391140606160852,0.0175762000396469,-0.0142640481757054,-0.0761024062066848,-0.0706950804798554,-0.123843178309636,-0.0348777738293506,0.0797933558993415,0.0690480980351357,0.0257680296478832,-0.021454962326339,-0.000798363084604162,-0.020635696954276,-0.0061162886994324,0.0100908688825442,-0.0444288511264263,0.00307341045015572,-0.0596318131566409,0.0412460360603966,-0.0308612483635489,0.00216503202486196,0.00212932170114763,0.0441735889410508,0.0495245201289926,0.201251662229086,-0.106841628707877,0.00659035674461642,0.0467104615870508,0.0795031862267855,-0.0190974377801341,-0.0511498131230602,0.0549417177187899,0.0310835974105432,-0.0742828512446401,-0.0275530123757165,-0.0348959750536343,0.00573339606465507,0.00244374777874791,0.0751788181102412,-0.0398505936315259,0.00982217991441849,-0.0726181012125205,0.0322478892901489,-0.091538959053351,-0.1207962011915,-0.0833090231525634,-0.0538523166281202,0.000394546896834569,-0.100392042870491,0.086059715509642
"clim_var19_median_19007_20240102",-0.0337847706529692,0.014877262047099,0.00430786314613969,-0.0375515352027557,0.0368535009277213,0.00232056015351985,-0.0840913830326636,0.047536364002088,-0.0329825065674364,0.0492442720044627,0.0329895409671607,-0.104583244014521,1,0.0039301668369099,0.00520515650955597,0.0167641044973883,0.0620861234191812,-0.0341264036728363,-0.0622628635660525,0.0514492180689258,0.0841997707495773,-0.129465105351837,-0.0816712956222177,-0.00611775617538401,0.00684001315051949,0.0323918775450758,0.033407328291649,0.00241964294837367,-0.0413504530213892,-0.0154289099979464,-0.000326233504830591,0.0776031963367403,-0.0428251591458806,0.0734378128692197,-0.0463082411661558,-0.0841563255777506,0.0350473069389604,0.0796499429495773,0.00910476378127246,-0.1389033834427,0.0825061085727436,-0.0707037253721284,0.0219455629109654,-0.0121622806071708,-0.030396620846344,-0.0336154157812234,-0.0576197252484488,-0.0234577641502162,0.0591296958218254,-0.0723689406417491,0.00272357444911651,-0.00506729241298939,-0.0242622231291752,0.0484299762299741,-0.0168867363300503,-0.033585154471845,-0.0524429927494495,0.0573150982033412,0.0773903596962118,-0.0452024497107044,-0.0407880188308713,0.0381422009713945,0.0347011122351845,-0.00446743374912431,-0.0796094990343082,0.013701509959864,0.0289719114204115,-0.00465682118074114,-0.0169309739323668,0.040423597989282,0.0316013175253464,-0.000136535291092616,-0.0545281709428942,-0.00344270772247851,-0.0331592719042243,0.000906630006110615,-0.0196147155963338,-0.0661902608200945,-0.0665219755413135,0.0509219282115795,0.0493229484352477,-0.0151773429851341,0.0352893150662426,-0.0846478238305494,0.019611468824908,-0.0234099654476097,0.0876312295309586,0.0184080592912532,-0.0895948386496409,-0.0830835799037702,0.0291567687787926,0.0822289886657103,0.0540189759322042,-0.0273673661587081,-0.00792638028249704,0.0545892999120334,-0.012698881211123,0.0275920053582944,-0.0533987220588433,0.0745973126383392,-0.0304963883056098,-0.0577067797591918,0.0372396913595662,0.0537649775048825,0.030120540822233,0.0107696566402688,-0.0553583117953612,0.12201810220421,0.0970243881830453,0.0131595670668425,0.00552814538268777,0.0508890810878042,0.137439219709533,-0.0371622530472165,0.000496614905990288,-0.00300912691830154,0.0324934982370287,0.0446765804521972,0.011842119824914,0.0759559537141704,-0.0570721421633708,-0.0247442588762482,0.0108782755199593,-0.0353610077941451,0.00376624063133,-0.047458411202091,0.00537313684099835,-0.0631880771058683,-0.00908073982083519,0.0571674046449061,0.0204496099807501,-0.0222800091362517,-0.125081188659577,-0.0341764636126898,-0.0413513931887496
